5 0.458073 0.000000 0.402604 0.000463 0.397656 0.009722 0.379688 0.024537 0.356250 0.036574 0.345313 0.055556 0.332813 0.084722 0.315885 0.110648 0.287760 0.165741 0.267448 0.200463 0.215625 0.264352 0.183594 0.276852 0.169531 0.290278 0.155208 0.319907 0.148177 0.344907 0.133333 0.371296 0.123438 0.398611 0.121354 0.410648 0.123698 0.427315 0.113542 0.451852 0.106250 0.457407 0.096875 0.458796 0.076302 0.445833 0.063021 0.443056 0.058854 0.449537 0.057292 0.460185 0.057813 0.470370 0.061719 0.484722 0.071875 0.502315 0.089063 0.515741 0.096094 0.514352 0.108073 0.499537 0.144792 0.508796 0.163021 0.507870 0.171615 0.502778 0.192708 0.469444 0.215885 0.423148 0.239844 0.403241 0.244271 0.387500 0.245833 0.361574 0.248698 0.354630 0.281250 0.334259 0.286198 0.328704 0.287240 0.317130 0.277344 0.299537 0.277865 0.288426 0.289844 0.251389 0.305208 0.219444 0.318750 0.202315 0.343750 0.161111 0.359375 0.143519 0.378906 0.129167 0.396615 0.084722 0.453385 0.013889 0.457031 0.006944
8 0.122917 0.653241 0.122917 0.654630 0.123438 0.654167
8 0.224219 0.450926 0.225260 0.451389 0.227604 0.450926 0.227083 0.450463
8 0.228646 0.447222 0.228125 0.447222 0.228385 0.449074 0.228646 0.448148
8 0.611198 0.438426 0.601042 0.432870 0.568229 0.431944 0.548438 0.421296 0.519010 0.389352 0.508854 0.368981 0.513542 0.366204 0.513542 0.360185 0.507292 0.357870 0.505729 0.349537 0.492708 0.333796 0.494792 0.329630 0.487500 0.321759 0.470573 0.328704 0.419271 0.337963 0.360938 0.373148 0.342448 0.377315 0.322396 0.376389 0.303125 0.365741 0.282292 0.344444 0.271094 0.346296 0.261198 0.354630 0.248177 0.411574 0.247917 0.439815 0.237500 0.450926 0.224740 0.482407 0.213542 0.497222 0.213802 0.502778 0.205208 0.511574 0.196875 0.502315 0.186979 0.512500 0.174479 0.513426 0.175000 0.517593 0.169010 0.529167 0.170833 0.533333 0.166406 0.541204 0.166927 0.548611 0.157552 0.566204 0.150521 0.571759 0.148438 0.583796 0.135677 0.606019 0.130729 0.622685 0.129167 0.643056 0.136458 0.657870 0.127083 0.683796 0.122917 0.675926 0.121615 0.693056 0.141927 0.732870 0.160938 0.751852 0.193490 0.822222 0.200521 0.866204 0.205208 0.876852 0.208854 0.912037 0.212760 0.920370 0.220052 0.919907 0.214583 0.923611 0.219792 0.925000 0.222396 0.935185 0.218229 0.943056 0.222135 0.952315 0.220833 0.962963 0.223438 0.968056 0.221354 0.970370 0.232813 0.983796 0.234115 0.994444 0.240885 0.999537 0.247917 0.995370 0.253385 0.999537 0.294531 0.996296 0.300000 0.999537 0.422917 0.999537 0.430208 0.991204 0.434896 0.955093 0.435156 0.916204 0.439323 0.898148 0.450000 0.887037 0.454948 0.888889 0.458333 0.883796 0.466927 0.882870 0.475000 0.899537 0.477604 0.915741 0.484896 0.933333 0.501823 0.948148 0.506510 0.942593 0.525000 0.882407 0.546354 0.829630 0.565365 0.770370 0.584375 0.685648 0.588281 0.638426 0.595833 0.607407 0.609896 0.501852
10 0.464062 0.286574 0.461979 0.279167 0.455990 0.265278 0.447656 0.251389 0.439323 0.247222 0.435417 0.242593 0.431771 0.241667 0.423698 0.235648 0.417187 0.224537 0.416927 0.219907 0.412500 0.212500 0.407813 0.208796 0.404948 0.202778 0.383333 0.178241 0.380729 0.172222 0.376823 0.170370 0.374219 0.162037 0.374479 0.158333 0.372917 0.155556 0.369010 0.155556 0.364844 0.152778 0.356510 0.156944 0.353906 0.168981 0.349479 0.172222 0.341667 0.184722 0.333073 0.188889 0.330208 0.191667 0.327604 0.200000 0.322135 0.209259 0.318229 0.208333 0.316667 0.210185 0.314323 0.210648 0.306250 0.220370 0.297917 0.236111 0.282292 0.273148 0.277865 0.290278 0.277344 0.298611 0.278906 0.302778 0.289323 0.313426 0.292187 0.319444 0.292187 0.325926 0.287240 0.337963 0.288802 0.341204 0.290625 0.342593 0.298958 0.355556 0.309375 0.364815 0.318490 0.369444 0.326302 0.369907 0.341667 0.367593 0.345573 0.364815 0.350000 0.364815 0.357812 0.360648 0.364583 0.360185 0.371094 0.356944 0.376563 0.351852 0.382552 0.349074 0.386979 0.345370 0.396094 0.342593 0.423698 0.330093 0.442708 0.324537 0.453125 0.312963 0.460156 0.302778 0.463802 0.293056
10 0.276302 0.032870 0.274740 0.032870 0.273177 0.031944 0.271615 0.030093 0.271094 0.030093 0.270052 0.031019 0.267969 0.031481 0.264323 0.031481 0.264062 0.033333 0.265625 0.034722 0.267188 0.035648 0.268229 0.035648 0.270052 0.035185 0.274479 0.033796 0.275521 0.033333 0.275781 0.032870
10 0.243229 0.025000 0.243490 0.025926 0.244010 0.027315 0.245052 0.027315 0.245312 0.027778 0.247917 0.027778 0.249219 0.025926 0.250521 0.024537 0.250000 0.023611 0.248958 0.023148 0.245573 0.023148 0.244531 0.022685 0.244010 0.021759 0.244010 0.022685
10 0.265104 0.017593 0.266667 0.018981 0.267448 0.019907 0.268229 0.019444 0.269010 0.018519 0.269271 0.018519 0.270052 0.017593 0.269531 0.017130
10 0.243229 0.017593 0.244010 0.019444 0.244010 0.020370 0.244792 0.019444 0.247135 0.018981 0.247917 0.018981 0.248958 0.019444 0.251823 0.021296 0.253385 0.020370 0.255729 0.018519 0.257031 0.019907 0.257812 0.021296 0.257812 0.022685 0.257552 0.025463 0.258333 0.026852 0.259375 0.027778 0.260937 0.027778 0.261719 0.027315 0.262500 0.025926 0.262500 0.025000 0.261458 0.023148 0.260937 0.021759 0.260937 0.020833 0.262760 0.017130 0.262240 0.016667 0.259635 0.015278 0.254167 0.016204 0.251823 0.016204 0.250000 0.015741 0.248958 0.015278 0.248438 0.014352 0.248177 0.014352 0.247917 0.012963 0.248177 0.012037 0.249740 0.009722 0.249740 0.008796 0.249219 0.008333 0.247656 0.008333 0.246615 0.009259 0.246615 0.010185 0.247656 0.012500 0.247917 0.013426 0.247135 0.014815 0.245833 0.016204
10 0.250521 0.004167 0.250781 0.007407 0.252865 0.007407 0.254688 0.006481 0.256510 0.006481 0.257552 0.006944 0.259635 0.008333 0.262500 0.006481 0.263542 0.005556 0.263021 0.005093 0.262240 0.004630 0.261979 0.004167 0.259896 0.002315 0.256510 0.002778 0.255729 0.002778 0.255208 0.002315 0.254948 0.000000 0.251042 0.000000
10 0.095573 0.170833 0.101823 0.173611 0.154427 0.175926 0.167969 0.181019 0.174219 0.189352 0.180208 0.205556 0.183594 0.223148 0.182812 0.237037 0.184635 0.247685 0.210417 0.242593 0.216667 0.243056 0.220312 0.248611 0.224479 0.247685 0.261719 0.200926 0.268490 0.184259 0.286979 0.162037 0.298958 0.137963 0.328906 0.087500 0.337760 0.064352 0.357292 0.024537 0.363542 0.005556 0.363021 0.000000 0.279427 0.000000 0.279167 0.001852 0.278906 0.000000 0.265625 0.000000 0.266146 0.002778 0.271875 0.002778 0.274740 0.006481 0.281250 0.007870 0.282031 0.013889 0.272656 0.017593 0.272656 0.025463 0.278385 0.027778 0.283333 0.036574 0.287240 0.029630 0.288542 0.032870 0.286979 0.037500 0.284375 0.037963 0.283333 0.042593 0.277865 0.045370 0.275260 0.049537 0.267448 0.050000 0.262760 0.053704 0.256510 0.052315 0.259115 0.050000 0.258333 0.047685 0.247396 0.047685 0.244010 0.044444 0.249479 0.040741 0.248438 0.037963 0.245052 0.037037 0.256510 0.036111 0.257812 0.037037 0.257552 0.041204 0.262240 0.040741 0.259896 0.036574 0.263021 0.031944 0.244010 0.030093 0.242448 0.032870 0.244010 0.037037 0.242448 0.041204 0.244010 0.044907 0.242969 0.049074 0.256510 0.052778 0.255469 0.056944 0.251823 0.059259 0.248438 0.054167 0.244010 0.056019 0.246615 0.060185 0.232552 0.075463 0.228385 0.076852 0.216667 0.088426 0.200781 0.091204 0.193490 0.087037 0.183333 0.075463 0.178385 0.059722 0.175781 0.044907 0.171875 0.000000 0.151823 0.000000 0.139844 0.024537 0.114583 0.096296 0.098698 0.150463
13 0.048698 0.270370 0.048438 0.271296 0.048698 0.272222 0.049479 0.271296
13 0.048438 0.263426 0.049479 0.263426 0.048958 0.262963
13 0.070312 0.284259 0.072135 0.288889 0.078125 0.290278 0.079687 0.291667 0.100260 0.292593 0.103385 0.293981 0.107552 0.293056 0.110677 0.294444 0.115885 0.293519 0.117708 0.294444 0.131250 0.294444 0.133854 0.295370 0.158333 0.296296 0.163021 0.294444 0.170313 0.286111 0.174740 0.278241 0.179167 0.266667 0.181250 0.263426 0.182031 0.256481 0.181771 0.242130 0.182292 0.220370 0.180208 0.208796 0.177604 0.200000 0.173177 0.188889 0.166406 0.181481 0.162240 0.178704 0.149219 0.176389 0.120052 0.174537 0.106510 0.175000 0.104167 0.174074 0.095573 0.174537 0.091146 0.181481 0.090104 0.185185 0.089063 0.192593 0.086719 0.198611 0.085417 0.206481 0.081250 0.217130 0.080729 0.222222 0.078646 0.228241 0.076563 0.240741 0.072656 0.252315 0.072396 0.256944 0.070833 0.263426 0.072135 0.267130 0.070833 0.270833
13 0.595573 0.005556 0.599740 0.007870 0.603646 0.014815 0.630990 0.043056 0.648958 0.068981 0.689063 0.112500 0.723177 0.155093 0.763542 0.199537 0.771354 0.202315 0.784375 0.220370 0.796354 0.228241 0.800521 0.239815 0.808073 0.252315 0.861719 0.316204 0.913281 0.393056 0.923698 0.403241 0.935937 0.423611 0.946094 0.434722 0.947396 0.438889 0.951042 0.425000 0.950000 0.368981 0.939323 0.292593 0.932552 0.259722 0.925000 0.243981 0.867708 0.165741 0.841667 0.136111 0.829948 0.142130 0.827604 0.140278 0.814063 0.114815 0.811979 0.103241 0.803125 0.087963 0.753646 0.027778 0.740625 0.009259 0.730469 0.000000 0.599740 0.000000
